00174
00429
01785
09996
02135
02807
05462
05647
09255
04499
03583
01278
02337
04447
02187
03549
01847
09291
09919
02797
07214
06554
04758
04775
03450
02665
06698
00122
09468
03682
09310
09261
03821
05127
03517
09687
07738
02052
02921
09968
01855
00347
08621
08341
07245
04424
07130
03612
04951
06402
06814
04994
02821
06745
03525
08403
04504
05419
06454
03096
03832
07146
09872
08481
08536
03274
06729
03698
00992
06887
02538
00048
00632
08763
07078
03419
05570
05606
01004
00566
01657
03751
07070
01632
00773
07285
05247
03460
07619
00546
01121
01218
02107
02211
07222
04026
06170
08715
08097
01846
00053
04809
00763
07022
07123
00753
09166
06299
00748
05660
05117
06608
07418
02570
01700
06758
00383
00918
04108
01669
06444
03291
00008
06975
09159
02757
02307
03152
01011
03277
08474
03960
02445
04823
03810
06671
09324
02983
06788
06732
04144
01709
04458
09848
06080
02179
06785
07014
01854
00318
05868
06083
07610
06408
00654
02740
01323
06904
00043
01923
01592
04467
07126
04410
06753
06315
05828
00447
07532
01714
00322
04385
01513
04572
00679
03866
03585
03069
02309
03956
02115
08782
06967
05506
03458
04119
00037
05360
00657
06665
07277
02823
07312
00535
03908
09467
04462
07668
06778
04013
01468
06679
03305
01563
08622
05859
02412
00276
06717
05034
01728
07412
03953
08477
05634
03154
09267
01947
06706
07092
04514
05352
03560
07350
02196
02681
05982
03608
02870
03635
05698
06056
01327
06484
05434
05682
00949
06486
02960
03094
03357
05731
02606
00201
04531
07140
04952
02206
00785
09365
04084
07169
04030
03853
01811
03256
00308
04296
01536
04829
00756
09910
09895
07667
00557
05031
01997
08451
06936
08071
09080
04891
04979
07406
05487
03056
04468
09609
01286
03387
04172
04116
00759
06263
00780
05732
08589
03031
05876
07094
07717
06969
00614
03509
09628
03475
05002
00025
05643
00431
08582
06621
02197
03689
04092
06281
09342
04016
01839
01443
04500
06817
03604
08677
02408
00411
08647
05081
02700
07527
06873
04985
03490
01175
02455
06146
09822
06928
00010
01735
02382
06325
01363
06517
08682
06899
00261
04880
07525
06849
01696
06149
05177
09888
00568
07244
02910
02728
05799
08471
08457
04571
04602
04290
05593
01028
09884
02943
04639
03793
02649
00091
07727
06094
04134
01941
02762
06222
00916
05135
04655
04860
01202
02274
02932
06939
02117
07574
06840
01368
00860
02792
04159
03012
03236
05200
07669
06734
04782
00408
03979
06651
00783
03538
01868
02624
04369
00547
00664
05132
06405
05671
07211
03856
09189
06890
00574
05402
04309
04704
02877
09547
08011
03184
00697
05740
07223
05796
00390
02438
01710
07315
03589
02608
02879
09094
05063
02208
01067
09935
07421
07893
00277
08018
05064
06756
05701
09964
05466
07303
06482
01291
05882
05409
05297
04696
08732
06009
07673
07676
08163
09766
09060
05076
04730
08179
07587
09356
07899
06234
01152
05880
00580
07742
00499
03447
07076
06951
08787
02829
07066
03680
02287
00087
07448
05807
08948
08504
00595
01246
06885
02236
01856
05125
06425
07666
07195
08424
03625
05533
07552
07210
02166
00216
01571
04687
02764
04395
03478
07292
02504
02378
00937
00548
02561
03949
05214
04676
00317
03370
02616
03535
01220
07248
03870
08170
04656
02289
05532
02958
06128
04998
01222
06520
02298
06862
03006
03084
00166
05955
01324
03861
06549
06409
09432
00507
06332
08025
06661
08539
03591
01494
04785
03665
08890
06393
04150
08619
02101
01998
03595
03609
03456
00658
08983
08991
01496
05412
03210
05669
02227
01575
09010
05426
08606
02754
00296
03180
09606
03854
08613
03054
06524
04567
08743
00597
09814
07252
00234
07815
05114
00506
06916
05016
01940
05969
09765
01945
07661
04842
09912
01719
09463
02111
04887
08842
02313
07471
05351
09018
05022
02010
06715
09426
06626
00627
05607
00119
09790
07102
07006
09925
02304
09549
00848
09700
02415
09227
08602
08764
06567
00038
08497
06827
04122
06565
08427
02834
01188
02553
01576
04321
01408
01506
08387
08525
05400
02846
01134
01794
04105
02636
00755
00186
02848
05600
00890
02995
05047
08506
07749
08685
01407
05457
04596
05142
06191
01189
02864
06941
09206
09321
02729
03323
04511
02696
08348
07270
08780
09833
01226
04155
05748
02994
05173
06666
09122
03688
07541
04368
02783
03225
00457
08671
04297
02607
08327
01310
00839
00242
07011
06016
05560
00686
00739
04846
02521
08433
05881
02727
00342
09611
09842
04018
06136
01556
03615
03178
01413
00999
09441
03037
01463
07765
05655
09011
02469
09905
03624
02160
09012
03312
02527
00436
00542
04988
01190
00086
04187
08898
03996
05956
07542
08595
03502
04436
09068
06564
09835
03235
00150
06331
09316
00704
05972
09977
06139
01130
03043
04549
07679
01961
06187
09771
01681
04493
05654
00941
07695
01250
04075
00641
02124
05830
03168
04986
08287
00639
03065
09027
06546
09762
03721
09058
03556
02462
00406
03306
04666
07344
02499
04719
00812
00185
01987
08492
05368
03002
00973
03878
07373
07337
02161
04411
02785
03716
00228
07396
01772
07606
02190
07385
03934
04182
09507
02356
03033
01441
01793
01163
03342
01325
09140
03770
02896
02465
07802
09608
04685
07003
09940
05680
03548
04518
00222
08533
06490
06835
06797
02247
01670
06166
08089
00570
07515
08590
01638
01306
07400
05192
08979
06634
00247
08790
01890
07274
01617
03467
06296
06907
01160
01466
08629
01182
06650
08960
04102
01481
07896
08863
04690
03322
06251
02946
09559
09839
01396
05295
03353
05788
00264
07263
03272
06004
02273
08335
04609
04325
04191
06397
07001
08946
04163
08868
09002
04440
03753
03515
04908
05603
05429
05313
00189
02341
07948
06473
03893
00758
04299
07438
00210
06760
00452
04512
09343
00394
08167
08440
00814
05170
00675
04606
04784
01557
01344
09681
06590
04257
03453
00080
05416
07240
00488
05410
02786
02645
09312
01075
06954
00865
00377
00925
04275
03505
00576
07545
03877
05652
09746
07618
00160
02768
00988
08669
05086
01402
03337
01225
01565
03803
01094
02963
06771
07411
05015
02079
04585
02781
09211
04843
00805
03111
00001
03941
09416
03128
06334
05528
07841
06547
03221
03567
07440
09834
03070
07482
01652
08402
01981
02109
00511
05883
08541
05021
03446
06371
04884
04031
08421
09193
03492
00771
04960
03159
01602
05584
01394
02272
07284
04756
06780
05045
06823
07352
01671
03765
04100
04161
05863
04593
03310
07726
01689
05210
08687
02492
09702
04381
05115
02971
02394
06527
09350
01270
02446
02088
01624
02668
02692
08924
03685
03661
04336
05152
01983
05395
09802
02977
08657
08666
00130
03195
09425
06523
00441
03248
07132
03044
04538
03034
01279
01157
01972
00471
05238
00956
06219
03992
01165
05378
09887
01865
00853
07090
05900
07168
06727
06674
06039
02225
00682
03806
00862
07163
02891
03076
07188
00635
05817
01078
05026
02104
02634
01704
05517
03769
04281
08444
03366
00777
05543
06728
04132
08561
00774
04331
07255
05476
09502
05873
01623
05995
08690
04943
08779
09827
05041
08654
02544
05905
01649
06530
08044
04202
07005
06145
01086
04971
05092
03642
00787
00425
01741
03894
07938
08518
02981
04167
01002
02524
03071
04106
09395
04872
02508
03683
07419
00045
01108
06989
03690
08014
02787
01822
04761
06654
00039
03939
09382
00968
08343
02490
05317
05000
09347
09136
07707
01608
02720
09000
05802
01223
00022
09207
02588
04865
05198
05049
01764
07718
07392
02573
02715
01748
00673
02470
04678
07637
05791
08742
08830
05605
00793
08800
06101
07235
06387
08271
04710
05683
05845
06051
00924
04590
04301
09450
08462
08802
06364
07444
04322
05513
04456
05515
00229
05990
00422
02998
02049
03807
05116
02962
02565
08419
09132
06583
06993
06279
01953
03504
06074
09391
00927
07656
06458
04058
05610
00545
08608
06979
08777
02249
04048
01135
05011
04255
02760
02939
00643
00115
03257
08556
04310
06640
00417
02336
04586
01882
04557
01150
02506
02096
01901
04569
00040
07475
08446
01686
07578
01851
09901
09841
01174
06045
08436
06982
00835
04239
07366
06622
03231
08792
06730
01628
03214
01892
08107
08484
01180
08359
05312
00047
00221
01746
08530
04094
09127
01605
08174
09424
05484
05384
07663
02151
01954
04871
06399
06077
02600
05739
01887
03847
06071
01637
02942
00085
06964
03536
05582
08964
02637
06774
04397
05579
03081
09519
03732
03633
02603
01114
05372
01702
08248
04117
04237
03462
04799
02907
05244
06100
04919
00882
06075
02568
09439
09586
03049
08765
05479
03759
07316
09570
05737
06250
08076
02209
06301
08095
08549
00699
00272
05219
06809
02150
02387
02862
06160
01832
02845
07155
07198
03282
04059
01356
06752
00655
03644
00765
01461
02514
01845
03121
06179
02439
02120
09635
04882
03106
09282
06976
08949
07008
02734
01614
01936
09412
05835
03691
02094
04598
02171
00309
04129
05216
06244
07454
06208
01706
01051
06199
00456
02919
06013
06468
08009
00908
04780
05531
00612
05266
07633
01001
06867
02432
07699
06168
04682
06040
08493
00343
02074
09459
05165
05218
05338
02735
01099
09454
06616
00788
05441
00129
01418
00653
00442
08460
02242
03532
05947
07496
04878
08540
03434
01583
05080
05187
06295
07743
03474
06826
02199
07895
04311
00155
09332
09689
07030
05007
06481
03855
02131
02741
01444
03161
00782
04876
01355
01581
01367
05265
08467
02016
06744
03750
01826
01296
01085
03157
06132
01601
08554
09603
00288
07913
03898
01358
04481
01944
00622
04592
01120
09320
03373
00914
01795
08486
00884
00349
06457
06816
03249
00361
01503
06777
02402
05952
09722
03030
02419
08429
09273
00711
01000
09837
02340
05940
01511
02830
02580
09170
03930
04925
06926
04095
02548
00723
04562
04019
06838
04510
03904
04079
05729
07997
09182
07042
07476
09110
08679
00410
05695
05385
06865
00683
01284
00791
09883
05649
00139
03057
06001
02002
07139
05733
02505
00837
07664
03050
06614
00902
07634
04145
02192
02693
03402
01722
09653
00955
03391
09025
04061
07069
06672
00762
00887
03871
03493
02466
00550
03466
04099
01841
03477
02059
02129
03313
07058
04743
01516
01734
05459
03241
08430
03813
06557
01538
00386
01116
05005
03715
03284
07334
03888
02327
00077
06206
03280
08579
09693
06049
08370
06474
02662
01938
01675
03384
02659
00372
08051
07098
02362
06491
02719
00629
04317
02882
00859
01726
09793
00217
03918
01454
03842
08733
07595
08090
04377
01567
00243
02422
05376
02089
05147
00871
00591
02031
01207
03791
09863
07171
01234
01465
04318
01498
02154
04316
04009
03316
08353
07677
00491
08822
03455
07804
03107
02933
05948
05627
07233
01092
05684
04114
03757
06505
00054
09552
00118
02410
05920
06000
07967
06413
09335
04563
08836
02071
05766
08196
03638
03565
07568
02744
06282
03026
03582
08158
01335
01446
02423
02949
08400
06664
09133
08688
03917
03718
06394
05551
02788
01348
09915
09244
03985
07469
02349
09401
04184
01219
07427
09583
09870
00180
09986
00551
06754
03839
03485
03848
09824
00144
01771
00806
09672
01740
09551
05074
02705
07483
00450
06280
08699
08624
03036
08502
06348
01434
04480
06119
09254
04213
06107
03596
05797
08935
07693
07770
02164
08947
00895
03913
05620
03929
07989
03251
06893
06675
02730
06636
07340
09750
06938
00926
08879
03995
02381
02021
08620
07511
09415
02802
06401
02885
06270
02501
02037
02836
04039
08027
04014
06934
01505
01417
02901
07109
03823
00742
02887
09785
09652
04396
09907
09877
06703
00350
09423
08428
09385
05020
03431
06442
01736
07813
08422
06184
04921
05077
05534
04831
09517
00731
02324
01366
07778
05877
04818
02857
04231
00581
06874
02847
03516
02584
06562
01591
06368
09645
09966
00873
07322
05858
04228
05205
05334
00879
01994
04340
06247
08626
02655
04443
00046
09820
05502
06010
05401
06130
04983
05596
04790
02437
07117
04203
01243
00994
00162
04819
02551
09763
07220
09515
07272
00769
04774
08878
02316
09565
03162
05736
01415
02619
04810
01217
09776
02367
09178
00156
04490
08161
02366
03887
07381
00666
05927
08507
04628
01830
05892
01334
09235
01922
05774
07020
01708
08662
05273
03526
07238
03574
01755
01065
03701
02028
06779
06725
07128
04024
04750
03018
07377
07492
08655
00795
06003
02076
00027
07706
07710
09434
07254
04489
01918
02046
04307
09089
07342
02292
08445
01167
04154
09987
09029
04866
03950
08661
05217
03244
03150
07256
05284
00811
03397
09126
03035
04915
01153
08166
07504
04995
08628
00662
01975
08222
07023
02533
05213
09699
07237
09212
08854
02330
06803
03378
03581
07311
09627
01161
01470
06017
08674
07313
04295
01711
03062
09958
08970
06417
06533
06226
07452
03981
06539
04430
02766
03681
06081
09398
06154
03223
09322
01705
08420
02683
09532
02420
02058
02429
07590
04125
06995
02280
05708
09716
04439
01694
08581
02265
04855
03761
08695
05801
08105
04936
00327
01884
09849
05211
06106
06460
02015
04006
09561
02303
07681
09714
01046
04864
04000
03260
05583
03879
06023
07305
01852
07463
07680
02044
05709
07441
02550
04673
08466
00897
01347
07708
03705
07096
02710
05720
01509
08478
01959
01661
03703
07719
06150
03946
04284
04764
02489
07428
07404
02473
05451
01227
06307
03390
09597
08498
09409
04680
09579
05611
02484
07324
02025
00512
05028
00707
05726
03276
01492
02669
03243
03268
09360
04642
00028
02808
08596
06483
00977
01332
02056
06201
09777
09680
05558
01915
05100
05354
08339
08828
09661
04043
09529
04139
07159
04896
01814
02403
05723
04267
07062
01262
07730
07489
02045
01183
07357
03449
01501
03775
01104
00760
07059
08645
06469
01064
05078
08543
07129
01658
02695
01148
09800
02020
00560
01083
09675
08696
03211
03167
00886
05330
00259
04118
08650
07031
05006
00945
04038
05984
03915
03051
00688
07302
04487
08734
02502
05108
02866
01232
03307
03424
04476
09783
00068
01695
05752
07121
05289
03087
01939
02639
07153
08818
06981
00778
08203
06193
00513
05281
04597
01391
03190
03428
06177
05259
01493
04012
03187
02614
07614
06229
01613
08950
00863
08494
04178
02427
09631
07067
03745
06908
05742
04495
05496
05171
05278
07032
03183
06952
02388
04901
00585
09677
01949
09694
06592
01456
05342
04897
06749
02632
05079
05093
01682
03383
09813
02745
07370
04672
07314
09173
03829
01520
01881
04342
04286
03441
04127
08599
02428
00088
05716
04349
05485
01850
00516
01864
08600
06864
09831
00116
05262
00353
05204
06255
06597
02459
07105
09742
00981
09490
07289
01266
01111
05924
00998
01965
00714
09433
03117
08364
02742
06044
03666
05793
01445
06528
08350
04564
02577
00531
08698
04367
08151
03641
06584
02441
05014
00527
06984
05913
01032
07266
07683
02525
03421
00950
00269
01031
00315
06369
01364
02467
01924
02851
04783
04238
01878
08527
07241
07095
05989
04989
01701
01382
09096
06892
08015
03763
01650
02770
04256
04752
03575
01145
01546
09145
03568
05325
01969
02464
03717
04464
06909
00254
00549
03874
02039
06268
02345
02748
04709
00975
01943
08776
02707
08585
07526
05630
04359
02449
02022
04041
04577
04898
06695
02425
04744
00648
00517
00630
02269
01430
02837
04713
01265
04053
00920
04230
09402
00684
02383
05478
02585
05179
09890
03837
03905
08398
02601
06321
03739
09591
07040
05714
03569
06445
00603
09431
07317
08586
08872
01055
08847
03938
04244
04742
03896
07908
08770
04326
09825
03922
01913
03947
05272
08567
02055
01168
05848
01260
02990
01549
08112
09767
04906
09091
04962
03702
08706
03613
04934
08374
01451
05367
07306
04771
04794
06687
04047
05166
04022
07077
02097
00952
08056
09225
08535
06988
06189
00933
03511
09192
01646
05941
09861
03872
07540
04839
05508
09444
07570
04164
08981
09175
02112
02477
01164
09847
05718
06802
06708
09772
01712
02737
04601
00858
01781
07299
09295
03540
00855
00532
03804
04241
08959
04888
04093
01971
05408
08859
07462
08759
03179
01414
08969
07253
00467
04160
09296
05672
00997
01843
05727
09179
05491
09755
00203
08583
08921
05504
06344
09323
09116
04644
04130
07825
09553
08684
07149
09741
07507
00565
02878
00734
04652
04010
04123
08808
05806
01577
03452
07657
06497
09605
09592
09115
01288
08651
02284
03371
04520
00960
08303
00414
05350
04613
06618
08856
07174
04409
03205
00082
06135
04276
06354
00453
01139
03756
03476
09876
02625
06207
01272
05546
04179
03298
06974
08360
04126
06439
00823
03494
00824
01541
06919
05816
06037
06492
01925
08659
00369
02736
07330
00717
05188
00847
05012
09788
00818
04428
00792
01874
05975
00013
06137
03824
07510
08165
04833
07180
04800
04766
00278
09692
00178
00335
03741
00451
02965
09100
09770
09417
09896
01233
09387
02268
05148
02721
01676
02347
00326
01427
04583
03238
07041
06960
02833
04249
00809
06896
02560
06271
00151
03830
02944
05225
08479
01600
07735
00320
02152
00021
05976
03196
03561
00199
08423
03987
04429
02390
06673
00600
00954
01340
01436
01293
09469
06950
03571
03119
05746
00117
03395
04146
06697
03394
02539
00413
00676
07364
01743
02908
06905
03136
09479
05772
00604
03594
06883
06070
04312
02450
03124
01588
01350
08961
06043
03697
04072
08609
01273
01898
08676
01733
09349
05821
04135
08211
03269
03554
01342
04664
01147
03735
03039
02070
08059
09804
01178
04344
04824
04545
03957
08573
08827
00354
04949
04085
03436
05285
00432
00389
09354
07141
08966
06102
06438
03937
02019
05326
03224
02358
00145
04980
01976
03099
02243
00125
00233
04903
03393
09237
02163
00334
03171
06935
06441
05879
01224
04576
03605
01305
05662
00659
04121
07753
05648
06526
01699
09955
09973
06020
06855
01512
06762
05780
03410
08356
03234
09801
09484
00481
03972
07684
09472
05968
06007
00558
04957
09280
00624
04584
00003
06750
02957
09165
09510
05637
04186
00813
05070
09797
03928
04153
01717
02350
03398
09023
09633
04137
04269
07716
00891
00797
08382
06065
01447
08957
09313
07084
07879
05418
04124
04183
07523
09630
03774
01341
00434
00012
02826
08999
01946
08482
02812
00947
03514
06245
08752
01469
07581
00468
02240
08678
09130
09400
00670
02609
09505
00651
04883
06411
07365
07741
03132
06476
06858
09730
04033
09263
03379
07185
02738
02790
03912
09562
00415
08817
03785
01416
07200
01433
08760
04939
04034
03909
06743
02842
01033
06298
03482
02895
08528
02478
00310
04712
01663
02528
07379
01144
05355
04517
06220
06850
01525
00830
09704
01043
02654
00907
04852
02827
05775
01023
07543
05495
01201
06297
04432
04328
08453
06264
03325
08412
05431
07508
04841
04225
06433
05915
02583
02069
07467
01077
01578
06248
03728
03232
02779
03331
05309
09567
06508
01379
01964
00248
00062
01302
02892
06285
05914
05141
08052
09026
06180
04406
04718
02724
00571
04142
03669
00779
03292
05749
06812
04733
07933
03423
08252
03670
05058
04629
05613
02500
06326
04017
06538
00554
08371
05310
02970
07326
00587
01982
08721
00270
09991
06162
00520
00284
00476
09875
07414
07318
05481
05468
03563
04681
04350
07217
07622
00609
09371
09927
05834
09358
05949
09723
09516
07116
04469
06142
07535
01725
07455
02181
01054
01858
01303
00092
03330
09486
01804
00237
08545
02542
05853
01294
04352
07261
01820
02610
06118
07488
00131
02806
00644
01590
07021
06604
05060
05235
08730
02185
08568
06581
06395
07298
05691
01475
04128
07665
03382
00446
02342
00176
02444
03637
02051
06770
02305
00426
02991
05038
04389
04444
00856
05702
07442
01431
02813
07519
04848
08974
04615
07502
03052
04589
01540
00971
03303
01523
05444
01610
05535
04478
00596
07144
00299
05377
09230
08346
05965
09118
02905
08851
03707
02276
01280
09965
04786
05013
09637
03347
00983
09293
01457
03016
01531
06006
03288
00055
02689
06243
05986
01073
03952
04008
04508
01096
05861
09899
04071
05761
03496
06419
09651
01276
00510
01297
02395
00528
09427
08534
09981
09978
05050
01371
01460
04264
05893
07577
01025
00951
01307
00939
07586
08972
03778
05341
07166
04904
05812
02379
08000
01653
01986
02852
09855
09761
06462
09217
01654
05814
04617
05181
01403
01980
07360
05483
01255
06196
00722
07205
00649
01502
05598
01298
01259
00485
09129
05874
04612
05294
08085
04867
00804
04315
01338
00993
01606
04363
01452
09375
02906
05743
08668
06258
07516
00056
08470
07181
05300
02147
07044
05970
09768
06638
09053
04166
04314
08417
04096
01397
02555
08351
09028
00772
01093
02062
02178
03386
01186
05794
03649
03376
00464
03215
07868
05696
07061
07016
03340
09390
02371
09146
08744
05552
08791
05928
00979
06362
01488
09744
05790
01216
03740
00515
01749
04156
00701
04300
01490
07733
00090
04877
01759
05167
03227
08575
07043
02239
06690
08714
05183
02119
00246
01330
05577
01131
03350
05106
09300
01680
06596
02761
05452
06053
06683
04280
01052
09618
02216
04543
05161
08537
01100
01081
06518
09860
04208
09889
00936
06108
03487
06236
08747
09070
03820
05113
00338
08473
00611
05293
09946
07632
00290
01257
00341
07280
00905
02650
07118
00929
05979
04240
07065
06924
09334
08604
00962
04293
01385
03784
08631
06691
01412
00529
09819
09522
01537
01866
00370
03158
06680
05096
03704
07371
04077
07597
01625
04211
00230
08618
03958
02194
00375
09539
04578
00552
05194
02672
00329
03194
08489
09976
00969
08832
09812
00387
06246
01519
01895
05492
00395
01550
03255
01380
04527
02598
06782
01977
08751
07390
07202
04503
04551
08728
07499
02934
03827
01476
08904
01241
03984
09489
03469
07131
06878
01308
09984
00250
07557
06452
06012
00371
07548
02686
02954
03722
00141
05046
03377
01352
08338
06110
00695
01819
09421
05586
02799
02930
02843
08649
08523
04863
03736
02774
08553
09523
00987
07472
02220
01559
08697
03973
05628
03645
09485
01420
01548
04379
02431
01738
00674
03786
02739
05550
01285
04942
01639
00089
06338
02800
03900
03182
02295
05912
03991
02137
04559
09142
01322
07422
04435
00097
05306
02155
02615
07554
09893
04086
07583
06414
02680
02389
01486
06644
02820
06810
02631
00019
03859
01756
02899
09492
04522
09808
01156
03790
07158
00427
03463
03713
08986
06052
03147
09886
02889
09967
09625
00514
09654
01458
00325
09550
04793
05027
06709
04348
01827
00424
08480
03771
08452
03403
06647
04036
05646
03926
08848
02661
07567
04506
07486
06008
05922
03834
06123
05425
06582
01319
06163
00601
04404
00593
04731
05318
03093
09610
01091
01770
03409
02277
00910
00744
05475
09759
09937
03951
02357
02976
03902
01757
09005
05932
03610
02937
05689
05822
00049
02523
05296
04057
02950
07585
05406
07228
09022
07177
08640
00946
03931
00970
02515
03552
07593
01899
06050
08456
09541
01499
06262
09985
04931
06428
00752
03025
04023
05769
03677
05678
04463
01277
06668
01039
06948
09707
00980
08399
07607
02674
00790
00483
09856
01030
05599
06900
06615
03344
01534
00608
06046
02677
08496
01829
06957
00838
02482
07484
08718
03433
01404
01697
05939
05051
06138
05862
01072
07922
09376
09828
02436
09493
07278
00362
09598
04834
07528
06531
05640
00113
09969
09384
05446
01107
06465
00191
09066
07549
03086
04862
08379
05865
01934
00732
03849
04412
02968
04109
09626
06796
04981
08773
02405
09791
08043
04373
00331
08673
09226
04107
01836
02000
02507
08345
04587
01123
01213
08740
07083
03801
06471
05847
02594
01049
03010
03174
05710
01535
05068
07307
08820
07133
02673
02623
02780
07734
05143
00820
05578
00098
03593
04740
05212
03229
05860
03077
04869
09311
04413
07288
09044
04392
03923
00305
05269
00564
00033
01037
02497
00677
06361
07631
01238
08785
06426
02153
06978
03392
07672
02945
08390
02984
03186
07122
00789
06205
07447
05831
01315
09513
06377
05803
06669
06543
07674
04607
05703
01349
04388
08768
01376
07572
07500
00906
06808
08636
05759
01251
04625
02229
03798
03700
02682
04259
03989
09874
05140
04400
05229
09622
07564
06711
07268
04442
01626
08980
07408
04151
00737
02384
07704
03203
04486
01863
04025
07387
08663
03932
00381
09121
09393
00143
04753
07602
04254
06765
03787
03507
06104
04386
00878
04357
00842
04772
06374
02343
01560
03484
06367
07258
06427
00626
05270
09945
05576
00849
03889
03860
04393
07071
08186
01426
07151
01835
04252
09718
02221
04912
08882
02495
08499
06525
06055
04055
05374
02640
00430
00938
02142
05562
03819
05693
04894
03001
09184
00050
06093
02139
01692
02299
09753
03986
06541
06563
07533
02233
00490
04223
05967
01268
06931
00359
06790
06214
00397
02377
02001
04968
08459
03122
02646
00850
07644
01861
00462
04060
01076
09900
04131
02697
04405
08509
06540
08336
05287
02549
05308
08824
01079
06884
06819
09077
04553
01621
01912
07049
04343
04662
02338
01666
09970
05906
05707
00764
00111
09668
07493
08683
00518
07114
02635
00692
01597
00016
09461
05875
03314
02230
03046
01042
08761
09892
04217
07818
04454
01312
06352
05779
05668
02638
04963
09555
04242
08634
03663
09364
09942
08344
04003
06398
06333
01507
06506
02839
05490
03733
09396
02814
05190
07193
01857
09015
03385
03185
00563
04195
00079
00794
06910
06655
00032
02613
06825
02250
00989
01388
03321
04933
00631
02024
08643
05193
08700
03481
01166
01482
02967
01170
07099
01122
04111
08778
02281
04546
02648
00646
00065
06971
07524
05721
09072
05974
02828
01629
03163
07605
00071
04180
03201
03233
05089
03579
04101
07477
02871
05371
02424
09403
02398
02496
05447
03110
00816
04945
00519
00843
07624
02215
04097
06386
05017
01545
02334
01635
02372
08576
04835
07081
09926
04459
02936
09333
01095
05263
07905
09569
06516
09796
08505
09947
00443
02223
06942
01261
02986
09241
08418
02205
09695
09657
05926
02756
02694
08342
05594
04798
05387
02278
06891
06198
04594
09328
06347
09047
03020
09613
08951
00721
03073
05719
05260
06755
04789
04700
04886
01060
05757
08388
05587
03890
02652
00379
07608
04416
03646
09857
06676
02447
07407
04015
02409
02266
09829
01622
01677
01365
02251
03363
05328
04174
03153
04089
03647
05498
01688
03212
02597
00172
09642
05458
01423
07039
00146
01683
03858
02128
07474
03679
09340
09851
06355
04042
05083
01744
04529
02333
08086
04728
06882
01375
01691
03420
04893
07064
06999
01893
01395
02556
02081
06209
07621
02130
05233
01197
03544
03144
09341
05677
01210
00698
07018
09139
00482
01127
00700
00922
09408
00459
08578
00188
07088
03573
05024
00356
06195
03844
05111
04856
05585
03262
05564
01353
03580
06345
03865
09048
04573
03522
07553
00052
09869
08869
02912
00385
06082
09353
00727
06396
06475
01779
03911
07091
06078
08648
06029
01724
05692
09826
09297
06111
04271
06799
04021
00728
01113
09176
07562
02325
01118
04497
04969
09780
09685
00399
07138
03145
03281
07120
05397
05250
08680
05279
09711
03965
06807
06996
04453
05782
08625
00241
08630
05978
09648
09285
05345
00437
02518
09885
08524
02725
09392
02458
00147
02123
09111
02426
07361
02122
01316
08725
01598
07658
09731
03334
05800
04795
00373
00282
03133
00995
03040
05428
05357
08916
08381
09480
05366
02772
06238
08580
00617
04189
04434
02238
06058
00142
07236
01641
01405
03440
08694
03293
04892
00729
02386
07518
09916
02512
09164
06646
03651
05084
08441
02699
01815
09228
00428
09478
03597
00438
03792
01777
05091
09556
09957
09033
09845
08736
02200
06662
09038
04999
08635
08313
08867
03317
09989
06570
01247
06069
05359
03175
08616
05688
09908
09086
02701
00096
01905
09669
07104
03300
03818
04837
06768
07034
06555
05621
07073
04419
07746
03287
04365
03639
08358
01337
02849
07468
03311
00135
02038
00828
09055
02617
01685
00944
02955
06436
07702
01616
02888
01579
09607
05738
08843
07537
01290
05911
04040
05624
02838
08326
07709
01758
00440
04540
07724
03290
06420
07649
02162
05783
04374
04641
05919
09832
02232
07914
01873
00584
05771
02323
08756
01809
00363
05224
03975
04011
08347
02487
08941
07068
09666
08169
05365
05423
00473
00776
04528
08201
05413
02376
07294
07626
06775
05394
01672
07478
05896
02586
01479
03974
09636
06552
02536
00124
07087
01235
09548
02252
00136
02567
01603
02596
06953
01933
03181
02935
03055
03684
00294
06784
08971
01361
00023
04347
01765
00069
04895
03142
06265
08564
05856
03165
02121
00215
04332
01035
08559
02915
02969
08693
00687
02794
03631
01831
03388
07351
01825
07547
03729
01544
00275
09809
05741
09399
00888
09573
03678
01455
05349
05675
09319
05364
06192
03230
07026
09667
00419
02322
03766
09990
03061
07150
09787
00256
04663
02302
02297
01555
05186
07397
06921
03519
06400
01642
01321
06787
04910
08704
04632
08784
05518
09660
07110
07209
09380
01643
02704
00621
07711
02924
02893
05220
09859
03969
03169
06521
02876
00291
02329
08885
07935
08632
03270
03623
04341
06682
09566
03137
07338
00120
00893
06839
07269
03045
01128
09511
08184
08681
00976
05904
01080
02810
03655
08749
02951
03899
00249
05942
00594
07391
00598
04654
07464
09436
04418
06224
04626
03275
01018
00094
08841
03024
03226
02733
09671
09921
02048
03014
05494
08812
08558
04052
04298
03222
04143
00874
03000
09739
08465
01459
06645
02791
01568
09113
04087
04976
02488
05030
05953
06421
05591
06407
05730
03075
04948
00112
05957
01198
01816
09922
04608
09386
01045
03038
01838
05112
04206
02212
07175
02865
03430
04320
07725
08546
02007
00449
05961
08136
09407
07705
09656
02784
06965
05519
06242
03802
06487
07432
01102
07405
04741
05998
03426
05786
07000
00538
07848
09891
07401
04832
01390
06194
07012
02073
04308
08437
00536
07029
08729
05851
07714
08550
01784
05331
02188
05825
07678
04422
03592
07792
05139
05981
00173
03488
02902
02263
09733
08799
00534
03418
02897
08431
02510
07179
01203
06804
06026
00544
03962
02758
00618
08448
08617
04762
02204
07415
05943
05118
05339
02581
03616
01117
03088
05666
07111
05717
02775
09868
00530
04683
05929
09697
07686
09601
09972
08641
00339
08810
00766
03711
03352
01996
05346
02620
06507
00522
06504
02853
04063
05804
02391
06211
04940
05522
04555
02850
03875
07712
06509
04088
06737
01587
04928
06670
08963
01801
06312
01644
07327
03788
03738
02118
05473
04777
03156
01304
04502
01566
06237
01751
04073
02182
05144
05291
03472
09504
02557
06062
05292
01057
02825
05460
04550
05854
02207
01300
04046
03134
08520
05268
06720
00074
04485
01963
08816
06335
01429
05923
09061
07221
00081
06870
00044
09144
04781
07283
06215
07388
09160
05209
06464
01611
03794
06076
04433
02093
08401
01010
08366
03429
06188
03543
07437
05676
05663
01214
00702
00810
05839
08614
07479
01529
00301
07234
01439
04475
05798
09789
05226
07648
09271
07243
01357
06048
09470
02956
05632
05497
00260
02769
04604
02819
02258
07309
01752
02460
03308
02288
04291
05735
01517
00634
05102
09284
06378
03417
09956
04140
02328
03817
04371
03518
00345
06276
04851
08814
03674
04861
06358
07529
02294
06611
03188
06392
01739
09325
02317
07812
03216
05537
00851
01919
03380
04394
00537
04157
05164
08735
08593
06688
00336
01823
03176
01630
02452
02057
09373
07108
02874
06489
05849
00726
02234
02246
02803
04302
04588
00102
03170
09410
03914
06153
07640
04624
09530
01240
04754
00965
03258
06380
07224
00525
02537
01554
07687
01844
09798
05245
04278
09021
09918
07246
03720
09983
09862
00114
00110
00919
07945
00454
07072
01970
08893
09679
01526
03085
03246
01110
02078
04219
03539
03513
04523
00909
04171
07951
09773
01169
01875
08954
08447
06973
01141
03990
02235
05227
09270
04568
00303
03437
09405
00175
04193
06342
09975
03443
04738
05231
06985
00637
07642
05184
00967
00138
09157
00743
04103
05315
01489
02511
01928
00232
09250
04496
08432
07060
07506
04337
08544
03480
04603
05493
03411
00567
00868
06741
05544
01289
01048
04675
03731
07739
01974
05616
07785
00894
06856
08637
06330
02590
06857
05234
09525
05763
03545
03464
09528
03846
08722
07728
07386
08389
07247
03130
05659
03851
09247
05850
04445
00255
04505
05645
06610
01573
08712
09302
08385
02369
08711
01584
02913
03454
00569
01729
05019
05503
04727
02256
04209
05685
01727
05154
08826
01228
05158
00798
09994
06356
08762
04581
03160
08555
09576
08352
09542
02579
06213
06603
03734
06038
04448
09866
09150
02966
04684
08710
06241
04830
09758
04234
05480
02663
01774
01518
03425
02108
08886
06791
03359
03405
07748
05358
09498
01920
04449
04268
09594
03101
06249
05159
03534
02068
03461
01773
06735
01651
03058
08410
06724
02254
07594
03799
00164
03588
06685
02480
04216
03692
06429
06025
07051
08840
01053
01921
08968
03315
07521
02411
04532
06881
09496
09429
07333
06314
09008
02578
03564
02928
01098
09909
00869
06418
09007
02237
02461
03021
02605
01087
00007
03294
09725
03118
04032
08871
00599
01022
02911
07512
06415
04917
02629
07453
07685
01129
09040
00154
02030
02622
04372
09775
06537
08866
05230
01386
00826
08771
09209
02777
05516
01495
05277
03422
02481
02075
00171
06579
09600
03329
00577
00204
09846
07939
08476
03338
03335
00083
03468
05824
04226
04870
07124
08741
02183
04984
06609
04913
04466
02948
06034
05040
00316
09728
00158
08548
03252
04263
05973
03126
00253
06257
01314
00870
08367
06702
04524
09838
04714
01849
07754
06183
05563
00854
07611
04181
00378
05298
05505
02656
03011
04338
02494
00319
05843
08274
09929
06643
02832
07007
02875
01596
04035
05614
03396
08639
06757
02992
09167
03910
03213
05124
08552
00409
08513
04494
01254
07934
09575
08912
06801
08708
03264
03220
09959
01256
09585
01907
09738
05937
03374
03112
09678
05713
02134
00857
01474
05818
00852
01211
07798
06992
09137
04697
01070
02267
04427
09422
09778
00034
08340
07293
04461
04935
04616
00095
06448
07643
05673
04797
04279
03557
03048
02750
02195
02091
05857
04285
01450
03668
02483
03843
05908
03586
05488
04630
08439
06624
09537
04414
06291
03659
08468
00152
06112
09749
09688
05082
04922
07470
00478
03662
05755
06818
02712
01038
06375
02664
00935
03695
04804
01612
05934
00607
06174
05101
00921
00509
00636
00978
02647
08597
01633
05427
03767
07423
00556
07720
04857
01812
06829
06359
07485
06748
04354
02228
01136
07115
09448
04658
02397
07831
07814
09974
09903
01360
07466
00572
01678
00026
01750
00337
04224
05023
00930
09737
08927
01155
06738
09036
01834
07402
09682
04711
01184
05056
00844
06958
07053
06637
05348
01229
03955
02413
04498
02811
05629
05436
03754
09963
06169
00964
01585
06633
09676
02974
07212
08108
01471
01159
02443
05249
06868
05151
00845
00244
07497
03108
03365
00134
01664
01021
00472
03959
08574
03927
04473
04732
06577
04062
07675
08377
07940
08363
06600
06178
08899
05623
09640
06659
02012
02530
04243
05035
00652
07265
07774
02159
02717
04471
06310
01016
08807
07745
01967
00705
03743
05471
00539
07147
01620
07101
00579
05203
03372
07907
00126
04806
04353
08656
03041
02545
01132
06327
08821
04335
06105
00489
03658
03795
03471
04282
07369
08406
00957
07048
02193
02364
07862
02776
04378
04914
02752
09024
01527
09604
05104
03155
07555
09477
03245
04618
03097
02392
01561
06047
02903
09521
03660
02314
07085
09620
08045
04450
02708
06225
03143
01012
05728
07949
06721
07559
05700
01146
00418
00966
07267
06914
05500
09428
09894
08526
02698
07558
03114
04693
07629
02569
03259
07953
03643
06593
04811
07616
03416
05529
05548
00084
08415
08813
07173
01876
06036
00903
02702
00149
04113
07694
01106
08384
00807
08738
00169
04525
05223
09487
01903
01162
09527
04152
03636
05706
06986
04076
03653
05380
09803
04051
01421
06287
09949
03283
05333
00213
08394
03263
03217
07203
03628
09456
00401
09664
05271
04253
06274
08434
08187
02027
05257
08691
09054
00719
08627
01230
02798
02315
05163
00775
02562
02491
09844
07398
01287
04997
05933
08514
02339
02886
09853
04247
08318
04623
00638
03954
01283
01381
02116
02543
05572
05389
00625
07651
04698
06880
07010
01017
03906
04472
07207
08754
00817
07638
04065
06202
01392
07445
04460
04361
09858
08361
00802
05618
00896
00829
07560
08386
04620
01753
06388
09774
06903
00402
07089
01008
03764
04083
02626
07416
08461
04190
01500
06553
03005
00227
07367
03812
08865
04304
06994
01295
05886
01798
01631
07513
00846
00231
09352
01406
05499
08998
00295
04947
00463
09057
03470
05439
05983
01951
09805
09330
06918
00620
07362
09220
01171
06087
01313
05123
04768
05131
04967
09953
04650
09326
05075
07690
03833
07024
06514
01236
07736
09287
03489
06440
06011
07628
00200
04574
02453
07273
08723
04333
00724
06171
02157
05951
03886
08849
00236
04659
07780
01891
03092
09388
03059
00184
08084
07600
08988
01221
00279
02032
02475
09208
06852
09544
09205
07368
09854
03883
04236
07002
03261
07321
01978
00283
06328
04946
04736
02513
02479
08982
01005
05370
06125
02904
04734
01109
03542
08393
04078
07461
01609
06141
01126
03694
01662
05635
08391
09794
00864
07977
05670
08591
01564
09514
08488
09810
03550
03781
05207
07229
08633
06115
09084
02406
03125
07208
04115
05789
00029
00306
03897
02630
07431
05687
04661
09359
05936
00293
04802
03177
09216
00825
07465
02380
02563
00745
03193
00663
07698
09377
03831
08349
01263
02612
03706
08463
02014
07413
04001
02633
01299
02041
00030
01530
03008
07079
04383
02146
06972
02275
04007
04838
03607
07227
02993
06822
05324
03239
00251
07592
01962
05414
06602
04199
07701
03206
08845
08839
04483
00128
01058
00885
07635
09623
03459
03399
01619
07762
08413
07490
00391
01552
07503
09199
07359
00435
02822
07009
05813
07937
03559
05996
03797
08978
02732
09381
01267
09337
09757
05878
08598
09177
04715
07119
06511
03304
08891
08354
03319
00285
04037
02778
06230
01320
02262
03324
01119
02688
07655
05180
08846
00365
05042
02017
08565
09438
02224
07671
00786
08801
06239
04028
03768
04484
02331
01570
05421
09087
01615
07142
07434
09114
09948
01448
06860
06173
03083
05811
03656
04027
02201
03627
03341
08870
05819
00615
04339
05463
09629
02884
05567
05665
07689
06061
07027
08063
04233
02271
06256
09686
06086
01041
04875
04966
08881
02690
09930
02979
01103
09185
01618
03993
04836
09928
03708
00205
03139
00986
00768
06658
03737
04537
00605
04375
00915
01097
01040
02759
00133
03407
02574
02805
06832
07148
02961
08925
09292
03943
00761
02354
03948
03042
02923
03546
00974
09658
04739
08731
08667
06095
01398
08610
06846
06959
04441
02285
03555
03719
09290
