07048
07574
08537
07523
00001
00003
00004
00007
00008
00010
00012
00013
00015
00016
00017
00018
00019
00021
00022
00023
00025
00026
00027
00028
00029
00030
00032
00033
00034
00037
00038
00039
00040
00042
00043
00044
00045
00046
00047
00048
00049
00050
00051
00052
00053
00054
00055
00056
00058
00060
00062
00063
00065
00068
00069
00071
00074
00077
00079
00080
00081
00082
00083
00084
00085
00086
00087
00088
00089
00090
00091
00092
00093
00094
00095
00096
00097
00098
00102
00110
00111
00112
00113
00114
00115
00116
00117
00118
00119
00120
00122
00124
00125
00126
00128
00129
00130
00131
00132
00133
00134
00135
00136
00138
00139
00141
00142
00143
00144
00145
00146
00147
00149
00150
00151
00152
00154
00155
00156
00157
00158
00160
00162
00164
00165
00166
00169
00171
00172
00173
00174
00175
00176
00178
00179
00180
00184
00185
00186
00188
00189
00191
00192
00193
00197
00199
00200
00201
00202
00203
00204
00205
00210
00213
00214
00215
00216
00217
00221
00222
00227
00228
00229
00230
00231
00232
00233
00234
00236
00237
00240
00241
00242
00243
00244
00246
00247
00248
00249
00250
00251
00253
00254
00255
00256
00259
00260
00261
00263
00264
00269
00270
00272
00275
00276
00277
00278
00279
00282
00283
00284
00285
00286
00288
00290
00291
00292
00293
00294
00295
00296
00299
00301
00303
00304
00305
00306
00308
00309
00310
00312
00315
00316
00317
00318
00319
00320
00322
00325
00326
00327
00329
00331
00332
00334
00335
00336
00337
00338
00339
00341
00342
00343
00345
00347
00349
00350
00351
00353
00354
00356
00359
00360
00361
00362
00363
00365
00366
00369
00370
00371
00372
00373
00374
00375
00377
00378
00379
00381
00383
00385
00386
00387
00389
00390
00391
00394
00395
00397
00399
00401
00402
00406
00408
00409
00410
00411
00412
00413
00414
00415
00417
00418
00419
00420
00422
00423
00424
00425
00426
00427
00428
00429
00430
00431
00432
00434
00435
00436
00437
00438
00439
00440
00441
00442
00443
00446
00447
00448
00449
00450
00451
00452
00453
00454
00456
00457
00459
00462
00463
00464
00467
00468
00471
00472
00473
00476
00478
00481
00482
00483
00485
00488
00489
00490
00491
00499
00503
00506
00507
00509
00510
00511
00512
00513
00514
00515
00516
00517
00518
00519
00520
00522
00525
00527
00528
00529
00530
00531
00532
00534
00535
00536
00537
00538
00539
00542
00544
00545
00546
00547
00548
00549
00550
00551
00552
00554
00556
00557
00558
00560
00563
00564
00565
00566
00567
00568
00569
00570
00571
00572
00574
00576
00577
00579
00580
00581
00584
00585
00587
00591
00593
00594
00595
00596
00597
00598
00599
00600
00601
00602
00603
00604
00605
00607
00608
00609
00611
00612
00614
00615
00617
00618
00620
00621
00622
00624
00625
00626
00627
00629
00630
00631
00632
00633
00634
00635
00636
00637
00638
00639
00640
00641
00643
00644
00646
00647
00648
00649
00651
00652
00653
00654
00655
00657
00658
00659
00661
00662
00663
00664
00666
00668
00670
00673
00674
00675
00676
00677
00679
00682
00683
00684
00686
00687
00688
00692
00694
00695
00697
00698
00699
00700
00701
00702
00703
00704
00705
00707
00708
00711
00714
00716
00717
00719
00721
00722
00723
00724
00725
00726
00727
00728
00729
00731
00732
00734
00735
00737
00738
00739
00740
00742
00743
00744
00745
00746
00748
00750
00752
00753
00755
00756
00757
00758
00759
00760
00761
00762
00763
00764
00765
00766
00767
00768
00769
00771
00772
00773
00774
00775
00776
00777
00778
00779
00780
00782
00783
00784
00785
00786
00787
00788
00789
00790
00791
00792
00793
00794
00795
00797
00798
00801
00802
00804
00805
00806
00807
00808
00809
00810
00811
00812
00813
00814
00816
00817
00818
00820
00823
00824
00825
00826
00827
00828
00829
00830
00832
00835
00837
00838
00839
00842
00843
00844
00845
00846
00847
00848
00849
00850
00851
00852
00853
00854
00855
00856
00857
00858
00859
00860
00862
00863
00864
00865
00868
00869
00870
00871
00872
00873
00874
00878
00879
00880
00882
00884
00885
00886
00887
00888
00889
00890
00891
00893
00894
00895
00896
00897
00902
00903
00904
00905
00906
00907
00908
00909
00910
00914
00915
00916
00918
00919
00920
00921
00922
00924
00925
00926
00927
00929
00930
00933
00935
00936
00937
00938
00939
00941
00944
00945
00946
00947
00948
00949
00950
00951
00952
00954
00955
00956
00957
00960
00961
00962
00963
00964
00965
00966
00967
00968
00969
00970
00971
00973
00974
00975
00976
00977
00978
00979
00980
00981
00983
00986
00987
00988
00989
00992
00993
00994
00995
00996
00997
00998
00999
01000
01001
01002
01004
01005
01006
01008
01009
01010
01011
01012
01014
01016
01017
01018
01021
01022
01023
01025
01028
01030
01031
01032
01033
01035
01036
01037
01038
01039
01040
01041
01042
01043
01045
01046
01048
01049
01051
01052
01053
01054
01055
01056
01057
01058
01059
01060
01061
01064
01065
01067
01070
01072
01073
01075
01076
01077
01078
01079
01080
01081
01083
01085
01086
01087
01091
01092
01093
01094
01095
01096
01097
01098
01099
01100
01102
01103
01104
01106
01107
01108
01109
01110
01111
01113
01114
01115
01116
01117
01118
01119
01120
01121
01122
01123
01126
01127
01128
01129
01130
01131
01132
01134
01135
01136
01137
01139
01141
01143
01144
01145
01146
01147
01148
01149
01150
01151
01152
01153
01155
01156
01157
01159
01160
01161
01162
01163
01164
01165
01166
01167
01168
01169
01170
01171
01173
01174
01175
01177
01178
01180
01182
01183
01184
01186
01188
01189
01190
01192
01194
01197
01198
01199
01201
01202
01203
01206
01207
01210
01211
01213
01214
01215
01216
01217
01218
01219
01220
01221
01222
01223
01224
01225
01226
01227
01228
01229
01230
01232
01233
01234
01235
01236
01238
01239
01240
01241
01243
01246
01247
01248
01249
01250
01251
01254
01255
01256
01257
01259
01260
01261
01262
01263
01265
01266
01267
01268
01270
01272
01273
01276
01277
01278
01279
01280
01283
01284
01285
01286
01287
01288
01289
01290
01291
01293
01294
01295
01296
01297
01298
01299
01300
01302
01303
01304
01305
01306
01307
01308
01310
01312
01313
01314
01315
01316
01318
01319
01320
01321
01322
01323
01324
01325
01327
01329
01330
01331
01332
01334
01335
01337
01338
01340
01341
01342
01343
01344
01345
01346
01347
01348
01349
01350
01352
01353
01354
01355
01356
01357
01358
01360
01361
01363
01364
01365
01366
01367
01368
01369
01371
01375
01376
01379
01380
01381
01382
01384
01385
01386
01388
01390
01391
01392
01394
01395
01396
01397
01398
01399
01400
01402
01403
01404
01405
01406
01407
01408
01411
01412
01413
01414
01415
01416
01417
01418
01419
01420
01421
01423
01426
01427
01429
01430
01431
01433
01434
01436
01437
01439
01441
01443
01444
01445
01446
01447
01448
01450
01451
01452
01454
01455
01456
01457
01458
01459
01460
01461
01463
01465
01466
01467
01468
01469
01470
01471
01472
01474
01475
01476
01477
01478
01479
01481
01482
01486
01488
01489
01490
01492
01493
01494
01495
01496
01498
01499
01500
01501
01502
01503
01505
01506
01507
01509
01511
01512
01513
01514
01516
01517
01518
01519
01520
01523
01525
01526
01527
01528
01529
01530
01531
01532
01534
01535
01536
01537
01538
01539
01540
01541
01543
01544
01545
01546
01548
01549
01550
01552
01554
01555
01556
01557
01559
01560
01561
01562
01563
01564
01565
01566
01567
01568
01570
01571
01573
01574
01575
01576
01577
01578
01579
01581
01583
01584
01585
01586
01587
01588
01590
01591
01592
01596
01597
01598
01599
01600
01601
01602
01603
01605
01606
01607
01608
01609
01610
01611
01612
01613
01614
01615
01616
01617
01618
01619
01620
01621
01622
01623
01624
01625
01626
01628
01629
01630
01631
01632
01633
01635
01637
01638
01639
01641
01642
01643
01644
01646
01649
01650
01651
01652
01653
01654
01656
01657
01658
01661
01662
01663
01664
01666
01667
01669
01670
01671
01672
01675
01676
01677
01678
01680
01681
01682
01683
01685
01686
01688
01689
01690
01691
01692
01694
01695
01696
01697
01699
01700
01701
01702
01704
01705
01706
01708
01709
01710
01711
01712
01714
01716
01717
01719
01722
01724
01725
01726
01727
01728
01729
01733
01734
01735
01736
01738
01739
01740
01741
01743
01744
01746
01748
01749
01750
01751
01752
01753
01755
01756
01757
01758
01759
01762
01764
01765
01770
01771
01772
01773
01774
01777
01779
01781
01784
01785
01793
01794
01795
01796
01798
01799
01801
01804
01809
01811
01812
01814
01815
01816
01819
01820
01822
01823
01825
01826
01827
01829
01830
01831
01832
01833
01834
01835
01836
01838
01839
01841
01843
01844
01845
01846
01847
01848
01849
01850
01851
01852
01854
01855
01856
01857
01858
01861
01863
01864
01865
01866
01868
01872
01873
01874
01875
01876
01878
01880
01881
01882
01884
01887
01890
01891
01892
01893
01895
01898
01899
01901
01902
01903
01905
01907
01912
01913
01915
01918
01919
01920
01921
01922
01923
01924
01925
01927
01928
01933
01934
01936
01938
01939
01940
01941
01943
01944
01945
01946
01947
01949
01951
01953
01954
01959
01961
01962
01963
01964
01965
01967
01969
01970
01971
01972
01974
01975
01976
01977
01978
01979
01980
01981
01982
01983
01985
01986
01987
01988
01993
01994
01996
01997
01998
02000
02001
02002
02005
02007
02010
02012
02014
02015
02016
02017
02019
02020
02021
02022
02024
02025
02027
02028
02030
02031
02032
02033
02037
02038
02039
02041
02044
02045
02046
02048
02049
02051
02052
02055
02056
02057
02058
02059
02062
02068
02069
02070
02071
02073
02074
02075
02076
02078
02079
02081
02084
02085
02088
02089
02091
02093
02094
02095
02096
02097
02100
02101
02104
02107
02108
02109
02111
02112
02115
02116
02117
02118
02119
02120
02121
02122
02123
02124
02128
02129
02130
02131
02133
02134
02135
02137
02139
02142
02145
02146
02147
02149
02150
02151
02152
02153
02154
02155
02157
02159
02160
02161
02162
02163
02164
02166
02171
02175
02177
02178
02179
02181
02182
02183
02185
02187
02188
02190
02192
02193
02194
02195
02196
02197
02199
02200
02201
02203
02204
02205
02206
02207
02208
02209
02211
02212
02215
02216
02219
02220
02221
02223
02224
02225
02227
02228
02229
02230
02232
02233
02234
02235
02236
02237
02238
02239
02240
02242
02243
02245
02246
02247
02249
02250
02251
02252
02254
02256
02258
02259
02260
02262
02263
02265
02266
02267
02268
02269
02271
02272
02273
02274
02275
02276
02277
02278
02280
02281
02282
02284
02285
02287
02288
02289
02291
02292
02294
02295
02297
02298
02299
02302
02303
02304
02305
02307
02309
02313
02314
02315
02316
02317
02321
02322
02323
02324
02325
02327
02328
02329
02330
02331
02333
02334
02336
02337
02338
02339
02340
02341
02342
02343
02345
02346
02347
02349
02350
02353
02354
02356
02357
02358
02360
02362
02364
02366
02367
02368
02369
02370
02371
02372
02374
02376
02377
02378
02379
02380
02381
02382
02383
02384
02386
02387
02388
02389
02390
02391
02392
02394
02395
02397
02398
02399
02402
02403
02405
02406
02407
02408
02409
02410
02411
02412
02413
02414
02415
02416
02417
02419
02420
02422
02423
02424
02425
02426
02427
02428
02429
02431
02432
02436
02437
02438
02439
02441
02443
02444
02445
02446
02447
02449
02450
02452
02453
02455
02458
02459
02460
02461
02462
02464
02465
02466
02467
02469
02470
02472
02473
02475
02477
02478
02479
02480
02481
02482
02483
02484
02487
02488
02489
02490
02491
02492
02494
02495
02496
02497
02499
02500
02501
02502
02504
02505
02506
02507
02508
02510
02511
02512
02513
02514
02515
02516
02518
02519
02520
02521
02522
02523
02524
02525
02527
02528
02529
02530
02533
02534
02536
02537
02538
02539
02541
02542
02543
02544
02545
02548
02549
02550
02551
02552
02553
02555
02556
02557
02558
02560
02561
02562
02563
02565
02566
02567
02568
02569
02570
02573
02574
02577
02578
02579
02580
02581
02583
02584
02585
02586
02588
02590
02594
02596
02597
02598
02600
02601
02603
02605
02606
02607
02608
02609
02610
02612
02613
02614
02615
02616
02617
02619
02620
02622
02623
02624
02625
02626
02629
02630
02631
02632
02633
02634
02635
02636
02637
02638
02639
02640
02641
02645
02646
02647
02648
02649
02650
02651
02652
02654
02655
02656
02658
02659
02661
02662
02663
02664
02665
02666
02668
02669
02672
02673
02674
02675
02677
02680
02681
02682
02683
02686
02687
02688
02689
02690
02692
02693
02694
02695
02696
02697
02698
02699
02700
02701
02702
02704
02705
02707
02708
02710
02712
02715
02717
02719
02720
02721
02722
02724
02725
02726
02727
02728
02729
02730
02732
02733
02734
02735
02736
02737
02738
02739
02740
02741
02742
02744
02745
02747
02748
02750
02752
02754
02756
02757
02758
02759
02760
02761
02762
02764
02766
02768
02769
02770
02771
02772
02774
02775
02776
02777
02778
02779
02780
02781
02783
02784
02785
02786
02787
02788
02789
02790
02791
02792
02794
02796
02797
02798
02799
02800
02801
02802
02803
02805
02806
02807
02808
02810
02811
02812
02813
02814
02817
02819
02820
02821
02822
02823
02825
02826
02827
02828
02829
02830
02831
02832
02833
02834
02836
02837
02838
02839
02840
02842
02843
02845
02846
02847
02848
02849
02850
02851
02852
02853
02854
02857
02860
02861
02862
02864
02865
02866
02870
02871
02874
02875
02876
02877
02878
02879
02880
02882
02884
02885
02886
02887
02888
02889
02891
02892
02893
02895
02896
02897
02899
02901
02902
02903
02904
02905
02906
02907
02908
02910
02911
02912
02913
02915
02918
02919
02920
02921
02923
02924
02927
02928
02930
02931
02932
02933
02934
02935
02936
02937
02939
02942
02943
02944
02945
02946
02948
02949
02950
02951
02954
02955
02956
02957
02958
02960
02961
02962
02963
02965
02966
02967
02968
02969
02970
02971
02974
02976
02977
02979
02981
02982
02983
02984
02986
02988
02989
02990
02991
02992
02993
02994
02995
02998
03000
03001
03002
03003
03005
03006
03008
03010
03011
03012
03013
03014
03016
03018
03020
03021
03023
03024
03025
03026
03030
03031
03033
03034
03035
03036
03037
03038
03039
03040
03041
03042
03043
03044
03045
03046
03048
03049
03050
03051
03052
03054
03055
03056
03057
03058
03059
03061
03062
03064
03065
03069
03070
03071
03073
03075
03076
03077
03080
03081
03083
03084
03085
03086
03087
03088
03092
03093
03094
03096
03097
03098
03099
03101
03102
03105
03106
03107
03108
03109
03110
03111
03112
03114
03117
03118
03119
03120
03121
03122
03124
03125
03126
03127
03128
03130
03132
03133
03134
03136
03137
03139
03140
03141
03142
03143
03144
03145
03147
03150
03152
03153
03154
03155
03156
03157
03158
03159
03160
03161
03162
03163
03165
03167
03168
03169
03170
03171
03174
03175
03176
03177
03178
03179
03180
03181
03182
03183
03184
03185
03186
03187
03188
03190
03193
03194
03195
03196
03199
03200
03201
03203
03205
03206
03207
03210
03211
03212
03213
03214
03215
03216
03217
03220
03221
03222
03223
03224
03225
03226
03227
03229
03230
03231
03232
03233
03234
03235
03236
03238
03239
03241
03243
03244
03245
03246
03248
03249
03251
03252
03253
03254
03255
03256
03257
03258
03259
03260
03261
03262
03263
03264
03268
03269
03270
03272
03274
03275
03276
03277
03279
03280
03281
03282
03283
03284
03285
03287
03288
03290
03291
03292
03293
03294
03298
03300
03303
03304
03305
03306
03307
03308
03310
03311
03312
03313
03314
03315
03316
03317
03319
03321
03322
03323
03324
03325
03329
03330
03331
03333
03334
03335
03337
03338
03340
03341
03342
03343
03344
03346
03347
03350
03351
03352
03353
03356
03357
03359
03360
03362
03363
03364
03365
03366
03370
03371
03372
03373
03374
03376
03377
03378
03379
03380
03381
03382
03383
03384
03385
03386
03387
03388
03390
03391
03392
03393
03394
03395
03396
03397
03398
03399
03402
03403
03405
03407
03409
03410
03411
03413
03414
03416
03417
03418
03419
03420
03421
03422
03423
03424
03425
03426
03428
03429
03430
03431
03433
03434
03436
03437
03438
03440
03441
03443
03444
03446
03447
03449
03450
03452
03453
03454
03455
03456
03458
03459
03460
03461
03462
03463
03464
03466
03467
03468
03469
03470
03471
03472
03473
03474
03475
03476
03477
03478
03480
03481
03482
03484
03485
03487
03488
03489
03490
03492
03493
03494
03496
03497
03499
03502
03504
03505
03507
03509
03511
03513
03514
03515
03516
03517
03518
03519
03522
03525
03526
03527
03530
03532
03534
03535
03536
03538
03539
03540
03542
03543
03544
03545
03546
03547
03548
03549
03550
03551
03552
03554
03555
03556
03557
03559
03560
03561
03563
03564
03565
03567
03568
03569
03570
03571
03572
03573
03574
03575
03576
03577
03579
03580
03581
03582
03583
03585
03586
03588
03589
03591
03592
03593
03594
03595
03596
03597
03599
03604
03605
03607
03608
03609
03610
03612
03613
03614
03615
03616
03618
03623
03624
03625
03627
03628
03629
03631
03633
03635
03636
03637
03638
03639
03641
03642
03643
03644
03645
03646
03647
03649
03651
03652
03653
03655
03656
03657
03658
03659
03660
03661
03662
03663
03665
03666
03668
03669
03670
03673
03674
03676
03677
03678
03679
03680
03681
03682
03683
03684
03685
03688
03689
03690
03691
03692
03694
03695
03697
03698
03700
03701
03702
03703
03704
03705
03706
03707
03708
03710
03711
03712
03713
03715
03716
03717
03718
03719
03720
03721
03722
03728
03729
03730
03731
03732
03733
03734
03735
03736
03737
03738
03739
03740
03741
03743
03745
03746
03747
03750
03751
03753
03754
03756
03757
03759
03761
03763
03764
03765
03766
03767
03768
03769
03770
03771
03774
03775
03778
03780
03781
03784
03785
03786
03787
03788
03790
03791
03792
03793
03794
03795
03797
03798
03799
03800
03801
03802
03803
03804
03806
03807
03810
03812
03813
03817
03818
03819
03820
03821
03822
03823
03824
03827
03829
03830
03831
03832
03833
03834
03835
03837
03839
03840
03842
03843
03844
03846
03847
03848
03849
03850
03851
03853
03854
03855
03856
03857
03858
03859
03860
03861
03865
03866
03867
03870
03871
03872
03873
03874
03875
03877
03878
03879
03881
03883
03885
03886
03887
03888
03889
03890
03893
03894
03896
03897
03898
03899
03900
03902
03904
03905
03906
03908
03909
03910
03911
03912
03913
03914
03915
03917
03918
03922
03923
03926
03927
03928
03929
03930
03931
03932
03934
03937
03938
03939
03941
03942
03943
03945
03946
03947
03948
03949
03950
03951
03952
03953
03954
03955
03956
03957
03958
03959
03960
03962
03963
03965
03967
03969
03971
03972
03973
03974
03975
03979
03981
03984
03985
03986
03987
03989
03990
03991
03992
03993
03995
03996
04000
04001
04003
04006
04007
04008
04009
04010
04011
04012
04013
04014
04015
04016
04017
04018
04019
04021
04022
04023
04024
04025
04026
04027
04028
04030
04031
04032
04033
04034
04035
04036
04037
04038
04039
04040
04041
04042
04043
04044
04046
04047
04048
04049
04051
04052
04053
04054
04055
04057
04058
04059
04060
04061
04062
04063
04065
04067
04071
04072
04073
04075
04076
04077
04078
04079
04083
04084
04085
04086
04087
04088
04089
04091
04092
04093
04094
04095
04096
04097
04099
04100
04101
04102
04103
04105
04106
04107
04108
04109
04111
04113
04114
04115
04116
04117
04118
04119
04121
04122
04123
04124
04125
04126
04127
04128
04129
04130
04131
04132
04134
04135
04137
04139
04140
04142
04143
04144
04145
04146
04147
04149
04150
04151
04152
04153
04154
04155
04156
04157
04159
04160
04161
04163
04164
04166
04167
04171
04172
04174
04176
04177
04178
04179
04180
04181
04182
04183
04184
04186
04187
04189
04190
04191
04193
04194
04195
04196
04199
04202
04203
04206
04208
04209
04210
04211
04212
04213
04214
04216
04217
04218
04219
04223
04224
04225
04226
04227
04228
04230
04231
04233
04234
04236
04237
04238
04239
04240
04241
04242
04243
04244
04247
04249
04252
04253
04254
04255
04256
04257
04259
04263
04264
04267
04268
04269
04271
04275
04276
04278
04279
04280
04281
04282
04284
04285
04286
04287
04288
04290
04291
04292
04293
04295
04296
04297
04298
04299
04300
04301
04302
04303
04304
04306
04307
04308
04309
04310
04311
04312
04314
04315
04316
04317
04318
04320
04321
04322
04325
04326
04328
04331
04332
04333
04335
04336
04337
04338
04339
04340
04341
04342
04343
04344
04345
04347
04348
04349
04350
04351
04352
04353
04354
04357
04359
04361
04362
04363
04365
04367
04368
04369
04371
04372
04373
04374
04375
04377
04378
04379
04381
04383
04385
04386
04388
04389
04390
04392
04393
04394
04395
04396
04397
04400
04404
04405
04406
04407
04409
04410
04411
04412
04413
04414
04416
04418
04419
04422
04424
04427
04428
04429
04430
04432
04433
04434
04435
04436
04437
04439
04440
04441
04442
04443
04444
04445
04446
04447
04448
04449
04450
04453
04454
04456
04458
04459
04460
04461
04462
04463
04464
04465
04466
04467
04468
04469
04470
04471
04472
04473
04475
04476
04478
04480
04481
04483
04484
04485
04486
04487
04489
04490
04493
04494
04495
04496
04497
04498
04499
04500
04502
04503
04504
04505
04506
04508
04510
04511
04512
04513
04514
04517
04518
04519
04520
04522
04523
04524
04525
04527
04528
04529
04531
04532
04537
04538
04540
04543
04545
04546
04549
04550
04551
04553
04555
04557
04559
04560
04561
04562
04563
04564
04567
04568
04569
04571
04572
04573
04574
04576
04577
04578
04579
04581
04583
04584
04585
04586
04587
04588
04589
04590
04592
04593
04594
04596
04597
04598
04601
04602
04603
04604
04606
04607
04608
04609
04610
04612
04613
04615
04616
04617
04618
04620
04621
04623
04624
04625
04626
04628
04629
04630
04631
04632
04639
04640
04641
04642
04643
04644
04650
04652
04654
04655
04656
04658
04659
04660
04661
04662
04663
04664
04666
04669
04671
04672
04673
04675
04676
04678
04680
04681
04682
04683
04684
04685
04687
04690
04693
04695
04696
04697
04698
04700
04704
04708
04709
04710
04711
04712
04713
04714
04715
04718
04719
04727
04728
04729
04730
04731
04732
04733
04734
04736
04738
04739
04740
04741
04742
04743
04744
04748
04750
04752
04753
04754
04755
04756
04758
04761
04762
04764
04766
04768
04770
04771
04772
04774
04775
04777
04780
04781
04782
04783
04784
04785
04786
04789
04790
04793
04794
04795
04797
04798
04799
04800
04801
04802
04804
04805
04806
04809
04810
04811
04814
04816
04818
04819
04823
04824
04826
04829
04830
04831
04832
04833
04834
04835
04836
04837
04838
04839
04840
04841
04842
04843
04846
04847
04848
04850
04851
04852
04855
04856
04857
04860
04861
04862
04863
04864
04865
04866
04867
04869
04870
04871
04872
04875
04876
04877
04878
04879
04880
04882
04883
04884
04886
04887
04888
04890
04891
04892
04893
04894
04895
04896
04897
04898
04900
04901
04903
04904
04905
04906
04908
04910
04912
04913
04914
04915
04917
04919
04921
04922
04924
04925
04928
04931
04932
04933
04934
04935
04936
04939
04940
04942
04943
04945
04946
04947
04948
04949
04951
04952
04956
04957
04960
04962
04963
04966
04967
04968
04969
04971
04976
04979
04980
04981
04983
04984
04985
04986
04988
04989
04990
04991
04992
04994
04995
04997
04998
04999
05000
05002
05004
05005
05006
05007
05008
05010
05011
05012
05013
05014
05015
05016
05017
05018
05019
05020
05021
05022
05023
05024
05026
05027
05028
05030
05031
05033
05034
05035
05038
05040
05041
05042
05043
05045
05046
05047
05049
05050
05051
05056
05058
05060
05063
05064
05065
05068
05070
05074
05075
05076
05077
05078
05079
05080
05081
05082
05083
05084
05085
05086
05089
05091
05092
05093
05094
05095
05096
05100
05101
05102
05104
05106
05108
05111
05112
05113
05114
05115
05116
05117
05118
05119
05123
05124
05125
05127
05129
05131
05132
05135
05139
05140
05141
05142
05143
05144
05147
05148
05151
05152
05154
05158
05159
05161
05163
05164
05165
05166
05167
05168
05170
05171
05173
05177
05179
05180
05181
05183
05184
05185
05186
05187
05188
05190
05192
05193
05194
05195
05196
05198
05200
05203
05204
05205
05207
05209
05210
05211
05212
05213
05214
05216
05217
05218
05219
05220
05223
05224
05225
05226
05227
05229
05230
05231
05233
05234
05235
05238
05244
05245
05247
05249
05250
05253
05257
05259
05260
05262
05263
05265
05266
05268
05269
05270
05271
05272
05273
05276
05277
05278
05279
05281
05284
05285
05286
05287
05289
05291
05292
05293
05294
05295
05296
05297
05298
05299
05300
05305
05306
05308
05309
05310
05312
05313
05315
05317
05318
05324
05325
05326
05328
05330
05331
05333
05334
05338
05339
05341
05342
05345
05346
05348
05349
05350
05351
05352
05354
05355
05356
05357
05358
05359
05360
05364
05365
05366
05367
05368
05369
05370
05371
05372
05374
05376
05377
05378
05380
05381
05384
05385
05387
05389
05394
05395
05397
05400
05401
05402
05406
05407
05408
05409
05410
05412
05413
05414
05415
05416
05417
05418
05419
05421
05423
05425
05426
05427
05428
05429
05431
05434
05435
05436
05439
05441
05444
05445
05446
05447
05451
05452
05457
05458
05459
05460
05462
05463
05466
05468
05471
05473
05474
05475
05476
05478
05479
05480
05481
05483
05484
05485
05487
05488
05490
05491
05492
05493
05494
05495
05496
05497
05498
05499
05500
05502
05503
05504
05505
05506
05507
05508
05513
05514
05515
05516
05517
05518
05519
05522
05523
05525
05528
05529
05530
05531
05532
05533
05534
05535
05537
05543
05544
05546
05548
05550
05551
05552
05558
05560
05562
05563
05564
05566
05567
05570
05572
05576
05577
05578
05579
05581
05582
05583
05584
05585
05586
05587
05591
05593
05594
05596
05598
05599
05600
05602
05603
05605
05606
05607
05610
05611
05613
05614
05616
05618
05620
05621
05623
05624
05627
05628
05629
05630
05632
05634
05635
05636
05637
05640
05643
05644
05645
05646
05647
05648
05649
05652
05654
05655
05657
05659
05660
05662
05663
05664
05665
05666
05668
05669
05670
05671
05672
05673
05675
05676
05677
05678
05680
05682
05683
05684
05685
05686
05687
05688
05689
05691
05692
05693
05695
05696
05697
05698
05700
05701
05702
05703
05706
05707
05708
05709
05710
05713
05714
05715
05716
05717
05718
05719
05720
05721
05723
05724
05725
05726
05727
05728
05729
05730
05731
05732
05733
05735
05736
05737
05738
05739
05740
05741
05742
05743
05746
05748
05749
05751
05752
05755
05757
05759
05760
05761
05763
05765
05766
05769
05771
05772
05774
05775
05779
05780
05781
05782
05783
05784
05786
05788
05789
05790
05791
05792
05793
05794
05796
05797
05798
05799
05800
05801
05802
05803
05804
05806
05807
05811
05812
05813
05814
05816
05817
05818
05819
05820
05821
05822
05824
05825
05828
05830
05831
05833
05834
05835
05839
05840
05843
05845
05846
05847
05848
05849
05850
05851
05853
05854
05856
05857
05858
05859
05860
05861
05862
05863
05865
05868
05873
05874
05875
05876
05877
05878
05879
05880
05881
05882
05883
05886
05892
05893
05895
05896
05900
05902
05904
05905
05906
05908
05911
05912
05913
05914
05915
05919
05920
05922
05923
05924
05926
05927
05928
05929
05930
05932
05933
05934
05935
05936
05937
05939
05940
05941
05942
05943
05947
05948
05949
05951
05952
05953
05955
05956
05957
05958
05959
05961
05965
05966
05967
05968
05969
05970
05971
05972
05973
05974
05975
05976
05978
05979
05981
05982
05983
05984
05985
05986
05989
05990
05992
05995
05996
05998
05999
06000
06001
06003
06004
06006
06007
06008
06009
06010
06011
06012
06013
06016
06017
06020
06022
06023
06024
06025
06026
06028
06029
06030
06033
06034
06036
06037
06038
06039
06040
06043
06044
06045
06046
06047
06048
06049
06050
06051
06052
06053
06054
06055
06056
06058
06061
06062
06065
06069
06070
06071
06074
06075
06076
06077
06078
06080
06081
06082
06083
06084
06086
06087
06093
06094
06095
06100
06101
06102
06104
06105
06106
06107
06108
06110
06111
06112
06113
06114
06115
06116
06117
06118
06119
06123
06125
06128
06130
06132
06133
06135
06136
06137
06138
06139
06141
06142
06145
06146
06149
06150
06153
06154
06160
06162
06163
06165
06166
06168
06169
06170
06171
06173
06174
06177
06178
06179
06180
06182
06183
06184
06185
06186
06187
06188
06189
06191
06192
06193
06194
06195
06196
06198
06199
06200
06201
06202
06204
06205
06206
06207
06208
06209
06211
06213
06214
06215
06216
06219
06220
06221
06222
06224
06225
06226
06229
06230
06234
06236
06237
06238
06239
06241
06242
06243
06244
06245
06246
06247
06248
06249
06250
06251
06252
06253
06255
06256
06257
06258
06259
06262
06263
06264
06265
06268
06269
06270
06271
06274
06276
06279
06280
06281
06282
06285
06287
06289
06291
06295
06296
06297
06298
06299
06300
06301
06305
06307
06310
06312
06314
06315
06321
06323
06324
06325
06326
06327
06328
06330
06331
06332
06333
06334
06335
06336
06338
06341
06342
06344
06345
06347
06348
06350
06352
06353
06354
06355
06356
06358
06359
06361
06362
06364
06367
06368
06369
06371
06372
06373
06374
06375
06377
06378
06379
06380
06381
06386
06387
06388
06392
06393
06394
06395
06396
06397
06398
06399
06400
06401
06402
06405
06406
06407
06408
06409
06410
06411
06412
06413
06414
06415
06416
06417
06418
06419
06420
06421
06424
06425
06426
06427
06428
06429
06433
06436
06438
06439
06440
06441
06442
06444
06445
06447
06448
06451
06452
06454
06457
06458
06460
06461
06462
06464
06465
06468
06469
06471
06472
06473
06474
06475
06476
06481
06482
06483
06484
06486
06487
06489
06490
06491
06492
06493
06494
06497
06501
06502
06504
06505
06506
06507
06508
06509
06511
06514
06516
06517
06518
06520
06521
06522
06523
06524
06525
06526
06527
06528
06530
06531
06533
06534
06537
06538
06539
06540
06541
06543
06546
06547
06549
06550
06552
06553
06554
06555
06557
06562
06563
06564
06565
06567
06570
06577
06579
06581
06582
06583
06584
06587
06590
06592
06593
06596
06597
06600
06602
06603
06604
06606
06608
06609
06610
06611
06614
06615
06616
06618
06619
06621
06622
06624
06626
06633
06634
06636
06637
06638
06640
06643
06644
06645
06646
06647
06650
06651
06654
06655
06658
06659
06661
06662
06663
06664
06665
06666
06668
06669
06670
06671
06672
06673
06674
06675
06676
06679
06680
06682
06683
06685
06687
06688
06690
06691
06692
06695
06697
06698
06702
06703
06706
06708
06709
06711
06714
06715
06717
06719
06720
06721
06724
06725
06726
06727
06728
06729
06730
06731
06732
06734
06735
06736
06737
06738
06741
06743
06744
06745
06748
06749
06750
06752
06753
06754
06755
06756
06757
06758
06759
06760
06762
06765
06767
06768
06770
06771
06774
06775
06777
06778
06779
06780
06782
06784
06785
06787
06788
06790
06791
06796
06797
06798
06799
06801
06802
06803
06804
06806
06807
06808
06809
06810
06812
06814
06816
06817
06818
06819
06822
06823
06825
06826
06827
06829
06832
06835
06836
06837
06838
06839
06840
06844
06846
06849
06850
06851
06852
06854
06855
06856
06857
06858
06859
06860
06862
06863
06864
06865
06867
06868
06869
06870
06873
06874
06878
06880
06881
06882
06883
06884
06885
06887
06890
06891
06892
06893
06896
06899
06900
06903
06904
06905
06907
06908
06909
06910
06914
06916
06918
06919
06921
06924
06926
06928
06931
06933
06934
06935
06936
06938
06939
06941
06942
06943
06946
06948
06950
06951
06952
06953
06954
06955
06957
06958
06959
06960
06963
06964
06965
06967
06969
06971
06972
06973
06974
06975
06976
06978
06979
06981
06982
06984
06985
06986
06988
06989
06992
06993
06994
06995
06996
06999
07000
07001
07002
07003
07004
07005
07006
07007
07008
07009
07010
07011
07012
07013
07014
07016
07018
07019
07020
07021
07022
07023
07024
07025
07026
07027
07029
07030
07031
07032
07034
07039
07040
07041
07042
07043
07044
07049
07051
07053
07054
07055
07058
07059
07060
07061
07062
07063
07064
07065
07066
07067
07068
07069
07070
07071
07072
07073
07074
07076
07077
07078
07079
07081
07083
07084
07085
07087
07088
07089
07090
07091
07092
07094
07095
07096
07098
07099
07101
07102
07104
07105
07108
07109
07110
07111
07114
07115
07116
07117
07118
07119
07120
07121
07122
07123
07124
07126
07128
07129
07130
07131
07132
07133
07137
07138
07139
07140
07141
07142
07144
07146
07147
07148
07149
07150
07151
07153
07155
07158
07159
07162
07163
07166
07168
07169
07171
07173
07174
07175
07177
07179
07180
07181
07185
07188
07193
07195
07198
07200
07202
07203
07205
07207
07208
07209
07210
07211
07212
07214
07215
07217
07220
07221
07222
07223
07224
07227
07228
07229
07233
07234
07235
07236
07237
07238
07240
07241
07243
07244
07245
07246
07247
07248
07252
07253
07254
07255
07256
07258
07261
07263
07264
07265
07266
07267
07268
07269
07270
07272
07273
07274
07275
07276
07277
07278
07280
07283
07284
07285
07288
07289
07292
07293
07294
07298
07299
07302
07303
07305
07306
07307
07309
07311
07312
07313
07314
07315
07316
07317
07318
07320
07321
07322
07324
07326
07327
07329
07330
07333
07334
07337
07338
07340
07342
07344
07350
07351
07352
07357
07358
07359
07360
07361
07362
07364
07365
07366
07367
07368
07369
07370
07371
07373
07377
07379
07381
07385
07386
07387
07388
07390
07391
07392
07395
07396
07397
07398
07400
07401
07402
07404
07405
07406
07407
07408
07411
07412
07413
07414
07415
07416
07418
07419
07421
07422
07423
07427
07428
07430
07431
07432
07434
07437
07438
07440
07441
07442
07443
07444
07445
07447
07448
07449
07451
07452
07453
07454
07455
07461
07462
07463
07464
07465
07466
07467
07468
07469
07470
07471
07472
07474
07475
07476
07477
07478
07479
07481
07482
07483
07484
07485
07486
07488
07489
07490
07492
07493
07496
07497
07499
07500
07502
07503
07504
07505
07506
07507
07508
07510
07511
07512
07513
07515
07516
07518
07519
07520
07521
07524
07525
07526
07527
07528
07529
07531
07532
07533
07535
07537
07540
07541
07542
07543
07544
07545
07547
07548
07549
07550
07551
07552
07553
07554
07555
07557
07558
07559
07560
07561
07562
07564
07565
07566
07567
07568
07569
07570
07572
07576
07577
07578
07580
07581
07583
07585
07586
07587
07590
07592
07593
07594
07595
07597
07599
07600
07602
07605
07606
07607
07608
07609
07610
07611
07613
07614
07616
07618
07619
07621
07622
07624
07626
07627
07628
07629
07630
07631
07632
07633
07634
07635
07637
07638
07640
07642
07643
07644
07646
07648
07649
07651
07652
07655
07656
07657
07658
07660
07661
07663
07664
07665
07666
07667
07668
07669
07671
07672
07673
07674
07675
07676
07677
07678
07679
07680
07681
07683
07684
07685
07686
07687
07689
07690
07693
07694
07695
07698
07699
07701
07702
07704
07705
07706
07707
07708
07709
07710
07711
07712
07714
07715
07716
07717
07718
07719
07720
07722
07724
07725
07726
07727
07728
07730
07731
07733
07734
07735
07736
07738
07739
07740
07741
07742
07743
07744
07745
07746
07748
07749
07753
07754
07762
07765
07770
07774
07778
07780
07785
07786
07792
07798
07802
07804
07812
07813
07814
07815
07818
07825
07831
07841
07848
07862
07868
07874
07879
07893
07895
07896
07899
07905
07907
07908
07913
07914
07919
07922
07926
07933
07934
07935
07937
07938
07939
07940
07945
07948
07949
07951
07953
07967
07977
07989
07997
08000
08009
08011
08012
08013
08014
08015
08018
08025
08027
08038
08043
08044
08045
08051
08052
08056
08059
08063
08066
08071
08076
08084
08085
08086
08089
08090
08095
08097
08098
08105
08107
08108
08112
08136
08151
08158
08161
08163
08165
08166
08167
08169
08170
08174
08178
08179
08184
08186
08187
08196
08201
08203
08211
08222
08233
08246
08248
08252
08271
08274
08287
08301
08302
08303
08313
08318
08326
08327
08335
08336
08337
08338
08339
08340
08341
08342
08343
08344
08345
08346
08347
08348
08349
08350
08351
08352
08353
08354
08356
08358
08359
08360
08361
08363
08364
08366
08367
08370
08371
08373
08374
08376
08377
08379
08380
08381
08382
08384
08385
08386
08387
08388
08389
08390
08391
08392
08393
08394
08398
08399
08400
08401
08402
08403
08404
08406
08407
08410
08412
08413
08415
08417
08418
08419
08420
08421
08422
08423
08424
08425
08427
08428
08429
08430
08431
08432
08433
08434
08436
08437
08438
08439
08440
08441
08444
08445
08446
08447
08448
08449
08450
08451
08452
08453
08456
08457
08459
08460
08461
08462
08463
08465
08466
08467
08468
08470
08471
08473
08474
08475
08476
08477
08478
08479
08480
08481
08482
08483
08484
08485
08486
08488
08489
08491
08492
08493
08494
08496
08497
08498
08499
08500
08501
08502
08504
08505
08506
08507
08509
08510
08513
08514
08515
08518
08520
08523
08524
08525
08526
08527
08528
08529
08530
08533
08534
08535
08536
08538
08539
08540
08541
08543
08544
08545
08546
08547
08548
08549
08550
08552
08553
08554
08555
08556
08557
08558
08559
08560
08561
08564
08565
08566
08567
08568
08569
08573
08574
08575
08576
08578
08579
08580
08581
08582
08583
08585
08586
08589
08590
08591
08593
08595
08596
08597
08598
08599
08600
08602
08604
08606
08608
08609
08610
08613
08614
08616
08617
08618
08619
08620
08621
08622
08624
08625
08626
08627
08628
08629
08630
08631
08632
08633
08634
08635
08636
08637
08639
08640
08641
08643
08644
08645
08647
08648
08649
08650
08651
08652
08654
08655
08656
08657
08658
08659
08660
08661
08662
08663
08666
08667
08668
08669
08670
08671
08673
08674
08676
08677
08678
08679
08680
08681
08682
08683
08684
08685
08686
08687
08688
08689
08690
08691
08693
08694
08695
08696
08697
08698
08699
08700
08702
08704
08706
08708
08710
08711
08712
08713
08714
08715
08718
08721
08722
08723
08724
08725
08728
08729
08730
08731
08732
08733
08734
08735
08736
08738
08740
08741
08742
08743
08744
08747
08749
08751
08752
08754
08756
08759
08760
08761
08762
08763
08764
08765
08766
08767
08768
08770
08771
08773
08775
08776
08777
08778
08779
08780
08781
08782
08783
08784
08785
08787
08790
08791
08792
08795
08799
08800
08801
08802
08807
08808
08810
08812
08813
08814
08816
08817
08818
08820
08821
08822
08823
08824
08826
08827
08828
08830
08832
08836
08839
08840
08841
08842
08843
08845
08846
08847
08848
08849
08851
08854
08856
08858
08859
08863
08865
08866
08867
08868
08869
08870
08871
08872
08878
08879
08881
08882
08885
08886
08890
08891
08893
08898
08899
08904
08908
08912
08916
08921
08924
08925
08927
08935
08941
08946
08947
08948
08949
08950
08951
08953
08954
08956
08957
08959
08960
08961
08963
08964
08966
08968
08969
08970
08971
08972
08974
08978
08979
08980
08981
08982
08983
08986
08988
08990
08991
08993
08996
08998
08999
09000
09002
09005
09007
09008
09010
09011
09012
09015
09018
09021
09022
09023
09024
09025
09026
09027
09028
09029
09033
09036
09038
09040
09041
09044
09047
09048
09052
09053
09054
09055
09057
09058
09060
09061
09066
09068
09070
09071
09072
09077
09080
09084
09086
09087
09088
09089
09090
09091
09094
09096
09100
09108
09110
09111
09113
09114
09115
09116
09118
09121
09122
09124
09126
09127
09129
09130
09132
09133
09136
09137
09139
09140
09142
09144
09145
09146
09150
09154
09157
09159
09160
09161
09164
09165
09166
09167
09170
09173
09175
09176
09177
09178
09179
09182
09184
09185
09189
09192
09193
09199
09205
09206
09207
09208
09209
09210
09211
09212
09216
09217
09220
09225
09226
09227
09228
09230
09232
09235
09237
09241
09244
09247
09250
09254
09255
09258
09261
09263
09267
09270
09271
09273
09280
09282
09284
09285
09287
09290
09291
09292
09293
09295
09296
09297
09300
09302
09310
09311
09312
09313
09316
09319
09320
09321
09322
09323
09324
09325
09326
09328
09330
09332
09333
09334
09335
09337
09340
09341
09342
09343
09347
09349
09350
09352
09353
09354
09356
09358
09359
09360
09364
09365
09366
09370
09371
09373
09375
09376
09377
09380
09381
09382
09384
09385
09386
09387
09388
09389
09390
09391
09392
09393
09395
09396
09397
09398
09399
09400
09401
09402
09403
09405
09407
09408
09409
09410
09411
09412
09415
09416
09417
09418
09421
09422
09423
09424
09425
09426
09427
09428
09429
09431
09432
09433
09434
09436
09438
09439
09441
09444
09448
09449
09450
09454
09456
09459
09461
09463
09467
09468
09469
09470
09472
09477
09478
09479
09480
09481
09483
09484
09485
09486
09487
09489
09490
09491
09492
09493
09495
09496
09498
09502
09504
09505
09507
09508
09510
09511
09513
09514
09515
09516
09517
09519
09521
09522
09523
09525
09527
09528
09529
09530
09531
09532
09537
09539
09541
09542
09543
09544
09546
09547
09548
09549
09550
09551
09552
09553
09555
09556
09559
09561
09562
09565
09566
09567
09568
09569
09570
09571
09573
09575
09576
09578
09579
09583
09584
09585
09586
09587
09591
09592
09594
09595
09597
09598
09600
09601
09603
09604
09605
09606
09607
09608
09609
09610
09611
09613
09614
09618
09620
09621
09622
09623
09625
09626
09627
09628
09629
09630
09631
09633
09634
09635
09636
09637
09638
09639
09640
09641
09642
09645
09647
09648
09649
09651
09652
09653
09654
09656
09657
09658
09660
09661
09662
09664
09666
09667
09668
09669
09670
09671
09672
09675
09676
09677
09678
09679
09680
09681
09682
09685
09686
09687
09688
09689
09692
09693
09694
09695
09697
09699
09700
09702
09704
09705
09707
09708
09711
09714
09716
09718
09720
09721
09722
09723
09725
09728
09730
09731
09733
09734
09735
09737
09738
09739
09741
09742
09744
09746
09749
09750
09753
09755
09757
09758
09759
09761
09762
09763
09765
09766
09767
09768
09770
09771
09772
09773
09774
09775
09776
09777
09778
09780
09783
09785
09787
09788
09789
09790
09791
09793
09794
09796
09797
09798
09800
09801
09802
09803
09804
09805
09807
09808
09809
09810
09812
09813
09814
09817
09818
09819
09820
09822
09824
09825
09826
09827
09828
09829
09830
09831
09832
09833
09834
09835
09837
09838
09839
09841
09842
09844
09845
09846
09847
09848
09849
09851
09853
09854
09855
09856
09857
09858
09859
09860
09861
09862
09863
09864
09866
09868
09869
09870
09871
09872
09874
09875
09876
09877
09883
09884
09885
09886
09887
09888
09889
09890
09891
09892
09893
09894
09895
09896
09898
09899
09900
09901
09903
09904
09905
09907
09908
09909
09910
09912
09915
09916
09917
09918
09919
09921
09922
09924
09925
09926
09927
09928
09929
09930
09931
09933
09935
09936
09937
09940
09941
09942
09945
09946
09947
09948
09949
09950
09953
09954
09955
09956
09957
09958
09959
09963
09964
09965
09966
09967
09968
09969
09970
09972
09973
09974
09975
09976
09977
09978
09981
09982
09983
09984
09985
09986
09987
09989
09990
09991
09992
09994
09995
09996
