00285
00248
00071
00345
00444
00042
00531
00601
00230
00304
00397
00488
00004
00529
00272
00528
00064
00506
00524
00069
00237
00518
00282
00081
00161
00332
00033
00297
00395
00229
00137
00550
00014
00182
00463
00432
00428
00396
00052
00419
00274
00586
00063
00319
00294
00067
00317
00322
00485
00404
00377
00039
00211
00555
00415
00162
00148
00391
00030
00220
00438
00545
00275
00043
00410
00383
00273
00394
00146
00343
00197
00009
00286
00392
00027
00509
00253
00265
00305
00592
00510
00228
00423
00054
00251
00058
00046
00430
00044
00409
00224
00543
00101
00119
00023
00556
00354
00385
00572
00109
00177
00187
00104
00172
00227
00149
00361
00035
00585
00481
00135
00291
00249
00352
00264
00535
00041
00055
00403
00026
00406
00526
00141
00129
00156
00424
00538
00443
00157
00561
00525
00202
00549
00068
00381
00551
00504
00567
00362
00560
00461
00440
00168
00405
00287
00420
00183
00474
00066
00085
00542
00307
00114
00318
00003
00065
00190
00034
00520
00546
00454
00279
00219
00096
00353
00059
00180
00261
00062
00489
00341
00578
00238
00198
00583
00384
00267
00218
00049
00254
00127
00293
00288
00327
00431
00103
00480
00527
00244
00557
00089
00515
00450
00564
00118
00312
00084
00599
00105
00271
00566
00330
00031
00095
00387
00051
00462
00113
00204
00331
00398
00309
00145
00315
00336
00212
00497
00112
00478
00231
00280
00408
00452
00499
00181
00012
00346
00092
00025
00255
00036
00178
00451
00596
00209
00347
00247
00087
00311
00217
00553
00159
00373
00300
00184
00194
00214
00534
00298
00465
00193
00167
00314
00537
00128
00500
00016
00453
00010
00563
00076
00131
00079
00369
00263
00123
00029
00492
00075
00243
00106
00208
00573
00493
00090
00037
00532
00301
00223
00468
00048
00232
00334
00152
00598
00418
00283
00290
00355
00028
00570
00455
00335
00165
00276
00256
00459
00338
00582
00349
00122
00350
00337
00163
00433
00402
00390
00061
00366
00020
00176
00602
00142
00097
00595
00593
00047
00091
00568
00045
00326
00086
00494
00574
00226
00521
00449
00348
00216
00351
00296
00088
00508
00441
00032
00269
00382
00344
00107
00246
00099
00476
00240
00011
00239
00530
00308
00400
00018
00547
00083
00225
00138
00259
00179
00258
00320
00175
00199
00577
00164
00482
00201
00569
00421
00120
00414
00541
00221
00328
00017
00552
00483
00576
00074
00057
00151
00600
00498
00111
00126
00516
00078
00169
00554
00001
00321
00368
00371
00437
00250
00511
00234
00195
00429
00115
00077
00094
00579
00386
00379
00150
00456
00393
00266
00295
00160
00015
00203
00363
00378
00436
00189
00153
00241
00581
00412
00021
00589
00445
00144
